-0.03794612074872773 
-0.034988581429101426 
0.03978416334523522 
-0.03956046101569614 
0.03149009422393594 
-0.030081947515387567 
0.03830832150106358 
-0.038300385877981895 
-0.036977412076387724 
-0.036815319560353936 
-0.027413605323744664 
-0.08875065065025546 
0.03953738752943018 
-0.17250026851192776 
-0.03890549695460255 
0.03935811449093686 
-0.11222197853637896 
-0.0906214970273549 
0.12475696076937375 
-0.00542324626351823 
-0.14837428029598515 
-0.039527582823574006 
-0.09118234544281692 
0.06385050624379697 
-0.03582046182296724 
-0.1876114043874998 
0.033882210989562025 
-0.0947108645739374 
-0.03971795552803466 
-0.02517236873734877 
0.03852985667569721 
0.03747385098254271 
-0.029919299582160323 
-0.0018596606204794503 
-0.08801204173442105 
-0.038752628133420744 
0.03391710687439562 
0.034879231456024055 
-0.02157324713153257 
0.009844930590717171 
0.1735521921684488 
0.0390713544337528 
0.1458669952590271 
-0.03872348398335206 
0.028069169157244743 
-0.03555684702968624 
-0.04608079441215866 
0.056351632546586344 
0.024609784002181858 
-0.03953073823533302 
