0.24404825332541447 
-0.04087082383765623 
0.040970951292094056 
-0.04093171514076889 
0.03840419491604721 
0.039607763904642435 
0.01171207276112174 
0.0396524450901379 
0.03823859950903837 
-0.040496596752391305 
0.16786503309252623 
0.04077590002521042 
0.035987877497244185 
-0.028864706792943385 
-0.03857885688865489 
0.1448256449059977 
0.03889806952702583 
0.03353907932969249 
-0.039651736314330645 
0.04030527014921289 
0.1410072001837393 
-0.058668318207918256 
-0.04012354370566647 
0.1531323836046805 
-0.08907787054767416 
-0.0695476919991334 
0.036925046092304785 
-0.03470567789329138 
0.10555385302927162 
0.038207184484029884 
