-0.18239047517725657 -0.21744919515850808 -0.49903787812076034 0.1893583910684608 -1.1125540632097501 -0.22407241360053687 2.6231318811533977 0.9106238569019853 -0.22758360220261423 -0.1777248436365928 0.23163930526503781 -1.492068275983941 -0.22852773185855013 0.22277605799012662 1.6067607853331993 -0.225612986127298 0.22436124443574404 -0.8300287864860337 0.23071694389374214 0.22241470158077722 -0.19452041491580985 -0.2476782088503524 -0.2033124074983093 0.21138855005219673 0.21622343704284563 -0.5006245214046228 -0.22237561154636856 -0.6595952975076275 0.22741770981143725 -0.2550221039310684 
-0.2324755140439312 -0.2554279751458498 -0.49705166538565043 0.25902665583559004 1.4384132052328018 -0.24215088110031022 -0.8692215433362855 -1.415191409140956 -0.2946395686575829 -0.2286396060929562 0.31013185645714286 0.7673262847268378 -0.25148462628451596 0.23509900537563816 -2.689624554192719 -0.26681452313876264 0.2710346174188482 1.515383410448798 0.260939844360083 0.2211484515293853 -0.2460276276022903 -0.2932071121216603 -0.2086002859358749 0.23523837919546578 0.2111637602627908 -0.609666651083063 -0.3036421400001752 -0.7003950533433001 0.245351509653528 -0.2623805079970018 
-0.19311181964012752 -0.2534530332106065 0.32296212039023237 0.2394444912980178 1.98615704035155 -0.22057850876125645 -1.0000505691346806 0.4028788075275027 -0.2501676827008963 -0.17659548912694636 0.2544619399464996 -3.055914984419597 -0.23443875214386992 0.23860453912385068 1.3144443269249284 -0.23819406975791158 0.21688224913792295 1.0545130490715005 0.27167073520844665 0.23205526582961108 -0.17067649002427945 -0.2736534953891654 -0.22062166570486283 0.22544131472378962 0.215085603225259 0.44859806407510305 -0.2610699657631349 -0.5011166744268729 0.2110973717972446 -0.2549558638222567 
-0.2579937170902684 -0.3079462896091062 -1.6481226502975383 0.31127713649863775 -1.238247924081851 -0.2789659543504812 -0.4927689267751197 1.732873580804265 -0.32278154949370413 -0.2558251213603918 0.3237206666390669 0.8679142527930321 -0.2781391885412482 0.2503778245263013 0.5440344527229276 -0.3099899976918886 0.29056601683266337 1.8324605632851705 0.3005611111903072 0.27236827951317527 -0.2397015346040238 -0.29400151828234805 -0.26640647762748676 0.2963405279379751 0.2704747670183021 1.1001624579274196 -0.3248324653801894 1.3497935463250224 0.29488255684974896 -0.3062086883826487 
-0.2056508159724466 -0.24490170603104017 2.006048359740974 0.26437627956650206 -0.38049799272519247 -0.22340550002185702 -0.23002406474928427 -1.9151904256450312 -0.29115244470762797 -0.22957181393272214 0.25756868010716255 1.715974633784849 -0.2243512519374019 0.255410129620125 0.22534092031361364 -0.216246666827409 0.25809380540637056 -1.6493885806620041 0.2625023069321218 0.21724435043506 -0.18670688304890729 -0.2648474940926659 -0.21306969890468963 0.26034304622338594 0.24049262594857834 -1.3786236994024506 -0.28503244384096654 0.24819083324559382 0.22370023227323788 -0.25716707060566635 
-0.1867482269475949 -0.2039588065207835 -0.6794333604143602 0.23041309378467498 -2.1282761303467206 -0.21716376932641318 -0.9396494914853792 -0.8453373025289121 -0.24503065522257989 -0.19109420070249813 0.2450565994719261 -0.1642881683967627 -0.2136594840110143 0.20019567072745947 -2.2413082131675597 -0.23037819158270398 0.21563188953736676 -0.9033187135232378 0.20711845972284407 0.19801681627540188 -0.1864212572222152 -0.25164060522944204 -0.2256589226745426 0.22139622165717862 0.18198194940996412 0.8967788947333333 -0.2472306544819909 -0.43243472085694845 0.19597477544620456 -0.23314886219320027 
-0.17176038005012548 -0.1994116619441552 0.17340573080922383 0.23682455775046415 1.3958346933712986 -0.21821960788082045 1.065083875841376 -0.7994690875405552 -0.25777754139276193 -0.20610726478263827 0.2162669530707464 -2.2337271353518715 -0.19581094076184155 0.1979168740878431 -2.004211252943015 -0.20924402620404112 0.22918592422597112 -1.5652502927911558 0.19555413429869029 0.22934286919684266 -0.17221805426573178 -0.2218888530458897 -0.15473350869997654 0.20088396653216192 0.23350789508898642 0.36096905831313175 -0.24399393643566958 1.126284437416334 0.20890966276562178 -0.2606490212908159 
-0.2575117661437028 -0.24937828815571755 1.3007755632874292 0.28086808195866114 1.7933242862861414 -0.23991598987573493 -0.18584272111255873 1.0734124305102308 -0.3231200290541938 -0.28737174395151455 0.3160791696028855 2.5897439624878786 -0.25496942395945893 0.2803549812122982 0.970947415981777 -0.2762158174730843 0.27819339779203056 1.8282250181556952 0.30017073128084626 0.28360662212675103 -0.29781095350385756 -0.2965656847486673 -0.31290937987087375 0.27212630038169683 0.22467804180810946 -0.752555277719212 -0.3071626527023184 0.021855287521595386 0.2808267947918575 -0.3044070306908944 
-0.24358140327521688 -0.2614592562569477 0.9941161818601693 0.2841813694603444 -0.3780100494303617 -0.28144571629795073 -1.0675943415087141 1.94342672110544 -0.2914982239069005 -0.25728710528214666 0.2844141117982273 0.11637943008252544 -0.27892379368813197 0.242171800952125 0.6223418815430173 -0.2586731866167138 0.25138178284998086 -2.6123085172525684 0.2897974399928365 0.2584474050863536 -0.3236363126148619 -0.272466698243787 -0.28089936936645177 0.2643956665918142 0.30900095024952073 1.5168984759898023 -0.2888543448187177 1.2138679990815981 0.23129970872209993 -0.2938048543429907 
-0.280032525847241 -0.28883920519626965 -0.6042544354449146 0.2813214148169195 -1.7112252206997238 -0.27419140638830997 -0.5354170206962741 -1.208394104860894 -0.3154464324052199 -0.27712109778063554 0.3066920588191194 1.3843216612794504 -0.3094504668598216 0.29992363156810764 1.5666849208356814 -0.2992645262488542 0.2787113868858557 1.4241568190159553 0.30290425720103953 0.28284175436667286 -0.27345314565212236 -0.33381737749126855 -0.27415817243493745 0.3118665526518573 0.29310937466388853 0.630522641265528 -0.3211931766693412 -1.994707952055006 0.29510665334398933 -0.3091539310959114 
