0.14138519464755753 0.06356940230441165 -0.022103770624575303 0.18020590873150738 0.16675936492621107 0.01035567584882662 0.1698216209611496 -0.13929953227118272 -0.26521246979069557 0.21472001258029633 -0.022186113637504556 0.005852085495004114 
0.12201182903349926 0.03764955638308638 -0.010024516685017953 0.19479055679370824 0.1635486188658043 -0.004450330367137966 0.14170753730043834 -0.11043653405486656 -0.25970779485323253 0.22828331535345617 -0.00010611048638493115 0.004959436569769456 
0.14774830321156196 0.0672120255521872 -0.005015242817610781 0.1857678283131768 0.1683674876431715 -0.017440123502171972 0.16094010561571917 -0.14156946677884458 -0.2366722243194737 0.20703915927592068 0.0008062780723510932 0.005600157636937284 
0.1431310851722979 0.03793789997315106 -0.030233872173959824 0.1947810412081327 0.1583757277681945 -0.00843585037505361 0.13928232164262128 -0.10788083172549452 -0.26156564373113583 0.22392007580016784 -0.013869472774615803 0.02092540399763936 
0.13490912510295508 0.020955520124908308 0.021069980021988215 0.17750572253171423 0.17588216781679067 0.0046225939131005695 0.15302991565893248 -0.13045735471255643 -0.25177879308291196 0.23112928496132898 -0.005760169006452375 0.006073487913870165 
0.14670995481814972 0.04849663152108299 -0.012365824646548462 0.19968041626863975 0.1632918224506311 -0.004157704294934914 0.1356802545497327 -0.13583794989442513 -0.23948525356930198 0.22375019811249353 -0.025386176127368567 -0.001668835998954233 
0.14853860171405253 0.0832488941852052 0.010774207422495024 0.1902241070684133 0.17239795564501026 -0.008521635286596224 0.15155892801309384 -0.14172438123100226 -0.2442985813866666 0.21017134256668926 0.017051798104941358 0.014097090895704042 
0.14492925413595867 0.05408427583775564 -0.022798748040735495 0.19293114913700726 0.1593149105527795 -0.000675261199260582 0.13843857028504916 -0.12966154150865414 -0.26308334899401986 0.21978757202573077 0.008191109269852757 0.015510382786049907 
0.17169192946149658 0.08505254750953985 -0.010008181415748857 0.18969708664893997 0.1572638515246595 0.017064952369921657 0.16352237105546 -0.1455168664031183 -0.24438014963779167 0.21285693763522082 0.00023783437340431032 0.01412785660746364 
0.1386634507748159 0.049279422873627514 -0.009114160615032122 0.19582353993255738 0.17190878712618796 -0.017366397385056357 0.143495089851982 -0.13818588973761833 -0.2564166188809969 0.2158458757612116 -0.012653495078660575 -0.025272394889085073 
